26825
46877
24109
25320
70519
48274
24766
44601
11308
47896
27959
48506
11703
68591
41355
23026
27887
66093
17478
61399
52038
22752
21792
57568
39538
39917
20626
22779
27983
14277
18542
16600
24221
23077
49154
42534
21178
14593
43449
25419
50876
52695
56573
60097
46674
15560
38156
17750
57665
40125
59010
70578
21573
21936
23819
36468
60986
24205
13901
22592
42796
21207
47466
27633
19561
18163
62308
22840
22293
34833
21186
51377
24010
59176
22509
57817
24942
22103
27828
24459
18411
15579
12060
34817
66181
12490
20220
54148
56274
23579
59192
22111
49373
25953
48725
19502
18403
21776
61241
60506
46578
10225
59248
41080
64311
11674
49015
52978
13928
66800
16678
17830
23931
52337
64282
43350
45495
43123
15069
26403
10145
17144
40416
43772
68144
19393
10516
23114
13688
14541
44644
16432
59459
28484
60442
39642
15720
40272
11762
29946
18729
14656
64936
13856
38682
60206
12052
11754
12570
24643
38703
11404
54181
43553
44951
55976
20482
59408
17005
64186
10104
23712
62148
75034
19350
45751
25785
50227
34032
35051
28222
11850
47941
65875
85631
39087
42200
25778
40539
59328
60628
12140
76644
24985
90609
14008
75646
77768
10078
53065
87055
76076
80080
64995
71175
10107
92655
58683
70536
53613
76226
77605
14702
49656
26710
81655
75257
79323
81774
69032
66157
22517
77462
25081
48653
48267
82775
34746
10147
61735
11081
84020
84381
76605
62092
75510
21371
75186
52476
70332
39490
64390
42906
72726
46886
85348
71563
23473
30681
67467
58246
85926
37584
85913
86136
66325
81055
11955
77606
35044
11976
61621
76712
75489
70500
76149
49680
75154
78139
77418
81061
60599
78916
23229
57904
75573
82598
85914
15202
77178
82643
77659
27991
60871
10138
60943
77481
87292
76201
51369
54827
82686
83435
70033
10299
75577
87432
77702
12067
75100
85963
85032
88313
79879
87137
86176
29102
38762
75825
45241
52230
10137
87842
78975
73139
80266
88845
88853
79094
23887
23660
10696
86756
84342
84129
89014
53866
89070
81540
45277
86314
37161
86580
79547
10324
82651
75592
51706
36397
76240
81138
80100
86868
86356
89195
75828
87447
89258
89179
88668
86946
89525
84373
76282
80711
52090
75607
86102
80406
89813
77668
76841
35554
83862
80913
69550
85269
90110
77274
88661
12062
86021
90441
79212
84032
89757
69796
77661
77730
28388
28345
64653
76619
90880
52708
78034
84788
90162
77281
91063
82642
85753
75224
78877
77129
83421
85058
90319
91207
82618
65330
86979
86799
91391
91392
89626
91461
45794
11552
89003
90199
86158
88991
27756
89954
91650
80381
85072
27043
87070
25099
85459
46703
83976
89006
90038
81776
63830
92121
87299
20415
78987
90993
37284
92293
90808
61815
87717
91143
52329
83699
23501
86111
89301
50017
53225
76639
81857
92602
67598
88352
63765
17279
76082
26382
92709
80303
91233
82307
19583
90829
11618
90215
25582
75241
84769
30940
92618
90601
23536
42585
12073
89533
11600
76625
83906
86725
88590
86228
24328
77976
77157
23085
79265
83143
65947
82298
75819
32870
44206
79103
91883
82196
89004
76708
91937
66384
85792
87184
19166
92988
70308
91611
86783
92611
91547
91556
27422
92890
77338
90071
79881
83443
90805
32707
25232
10909
89508
93422
79057
45356
12431
68857
79915
86964
89393
12456
90537
89105
92156
87657
87267
91068
90547
85592
12872
89071
90386
92157
13035
21979
15553
77182
81481
79545
13168
13141
86339
79089
13356
12558
83111
48486
88031
89641
93159
12345
13567
13586
13598
79411
93096
88837
13103
13721
13936
76614
80399
12650
12369
13788
13963
12542
91926
85257
76744
79237
13142
14297
79129
77496
13407
89002
80286
79588
80681
14542
14601
90979
93002
89509
85593
80204
92778
14011
85663
79637
85991
79145
12622
88436
45911
82581
21020
89617
85265
91416
81045
85035
15401
42877
15404
15408
89217
15488
12076
79678
91103
89565
90442
13964
93089
15707
15719
14776
88446
15797
23393
89017
90305
14889
58413
92239
92614
59300
76095
89269
15456
15980
92322
88873
89216
28804
92772
16044
90373
89866
38093
91152
12981
58819
80191
16087
85621
16267
12308
65541
13983
16276
16279
16342
16347
16346
16343
16431
80183
85675
76709
16538
16544
79906
93429
79782
81696
77357
61241
69649
84767
40125
79698
14704
82303
83621
88860
14338
11891
75341
87541
81736
65402
16816
13911
86996
16851
11403
13760
12623
91668
84761
11786
80539
92402
17676
17783
75107
24053
14295
32803
91849
12449
80320
14714
90272
18065
36003
93132
18142
18143
14939
88664
13641
11896
16431
90520
12448
44329
18327
32986
81677
18420
18421
18428
18578
18592
43772
18724
90454
91937
91547
75591
13949
79785
90505
13447
17743
77037
77649
76795
91041
14579
16692
19285
19286
90664
90248
62498
76185
61516
87445
51369
14763
15291
82515
19807
20057
20191
93436
13323
76230
90455
80563
12084
14882
93246
75912
88281
21124
18312
75694
17700
63467
15850
13210
90090
15272
83597
22623
57809
89781
79452
22976
17307
88182
17942
86288
16581
24328
13688
12476
82276
23569
91611
84262
23570
92050
89138
11533
89031
13511
23942
23944
23876
92108
20190
24174
24175
92203
32942
90720
79094
18576
